trial	oldnew	fixation	x	y	duration	aoi	imnumber	image
3	1	1	496.7	380.6	253	28	3	testcity05.jpg
3	1	2	443.4	564.3	218	31	3	testcity05.jpg
3	1	3	258.4	622.2	233	24	3	testcity05.jpg
3	1	4	209.9	620.1	236	16	3	testcity05.jpg
3	1	5	287.1	681.1	346	22	3	testcity05.jpg
3	1	6	205.7	611	454	16	3	testcity05.jpg
3	1	7	242.6	477.5	300	13	3	testcity05.jpg
3	1	8	404.8	395	346	29	3	testcity05.jpg
3	1	9	431.9	336.4	352	28	3	testcity05.jpg
3	1	10	931.9	344.5	430	60	3	testcity05.jpg
3	1	11	915.4	246.7	290	59	3	testcity05.jpg
3	1	12	807.4	676.4	240	54	3	testcity05.jpg
3	1	13	697.2	678.7	390	46	3	testcity05.jpg
3	1	14	369.7	705.7	686	22	3	testcity05.jpg
3	1	15	304.2	460.1	337	21	3	testcity05.jpg
3	1	16	176.9	477.4	372	13	3	testcity05.jpg
3	1	17	129.6	582.6	44	16	3	testcity05.jpg
3	1	18	146	618	407	16	3	testcity05.jpg
3	1	19	407	498	264	31	3	testcity05.jpg
3	1	20	467.6	336.2	202	28	3	testcity05.jpg
3	1	21	551.5	276.4	203	35	3	testcity05.jpg
3	1	22	788.9	210.1	219	51	3	testcity05.jpg
3	1	23	922.9	145.7	277	58	3	testcity05.jpg
3	1	24	965.8	107.2	483	58	3	testcity05.jpg
3	1	25	515.4	498.8	159	39	3	testcity05.jpg
3	1	26	318.7	589.4	554	24	3	testcity05.jpg
3	1	27	637.2	698.9	235	38	3	testcity05.jpg
4	1	1	496.6	371.1	304	28	6	testcity06.jpg
4	1	2	364.8	408.1	203	21	6	testcity06.jpg
4	1	3	349.5	327.1	203	20	6	testcity06.jpg
4	1	4	91.1	355.9	175	4	6	testcity06.jpg
4	1	5	50.2	371.3	165	4	6	testcity06.jpg
4	1	6	911.8	369.3	993	60	6	testcity06.jpg
4	1	7	941.3	358.6	1598	60	6	testcity06.jpg
4	1	8	814.4	358.6	269	52	6	testcity06.jpg
4	1	9	496.3	323.9	568	28	6	testcity06.jpg
4	1	10	438.6	386.1	170	29	6	testcity06.jpg
4	1	11	231	462.9	319	13	6	testcity06.jpg
4	1	12	222.8	442	478	13	6	testcity06.jpg
4	1	13	61	378.9	229	4	6	testcity06.jpg
4	1	14	139.1	243.9	413	11	6	testcity06.jpg
4	1	15	222.4	385.3	533	13	6	testcity06.jpg
4	1	16	425.7	386.4	366	29	6	testcity06.jpg
4	1	17	606	628.7	311	40	6	testcity06.jpg
4	1	18	448.3	634.9	244	32	6	testcity06.jpg
4	1	19	390.3	553.1	127	31	6	testcity06.jpg
4	1	20	225.3	434.9	553	13	6	testcity06.jpg
4	1	21	206.7	433.8	413	13	6	testcity06.jpg
4	1	22	280.5	276.7	250	19	6	testcity06.jpg
8	1	1	497.5	375.7	359	28	4	testcity02.jpg
8	1	2	441	481.2	231	31	4	testcity02.jpg
8	1	3	348.2	490.4	398	23	4	testcity02.jpg
8	1	4	382.1	584.9	1002	24	4	testcity02.jpg
8	1	5	495.7	539.2	210	31	4	testcity02.jpg
8	1	6	351.9	422.2	380	21	4	testcity02.jpg
8	1	7	227.4	438.8	566	13	4	testcity02.jpg
8	1	8	318.4	508.2	709	23	4	testcity02.jpg
8	1	9	380.4	498.1	327	23	4	testcity02.jpg
8	1	10	593.3	501.3	898	39	4	testcity02.jpg
8	1	11	430.7	503.8	251	31	4	testcity02.jpg
8	1	12	366.2	481.6	412	23	4	testcity02.jpg
8	1	13	212.8	445.7	932	13	4	testcity02.jpg
8	1	14	420.7	473.5	312	29	4	testcity02.jpg
8	1	15	808.6	392.1	281	53	4	testcity02.jpg
8	1	16	332.7	280.3	738	19	4	testcity02.jpg
8	1	17	309.7	424.2	1230	21	4	testcity02.jpg
11	1	1	509	381	414	28	5	testcity04.jpg
11	1	2	417	405.9	211	29	5	testcity04.jpg
11	1	3	224.1	404.5	641	13	5	testcity04.jpg
11	1	4	396.7	372.1	351	28	5	testcity04.jpg
11	1	5	510.4	404.7	270	29	5	testcity04.jpg
11	1	6	616	421.1	352	37	5	testcity04.jpg
11	1	7	705.5	366.2	1004	44	5	testcity04.jpg
11	1	8	617.8	335.4	33	36	5	testcity04.jpg
11	1	9	610.1	353.2	481	36	5	testcity04.jpg
11	1	10	480.1	370.8	142	28	5	testcity04.jpg
11	1	11	157.8	480.3	342	15	5	testcity04.jpg
11	1	12	141.9	395.9	195	13	5	testcity04.jpg
11	1	13	136.9	321.1	680	12	5	testcity04.jpg
11	1	14	468.5	354.5	322	28	5	testcity04.jpg
11	1	15	831.5	360.4	541	52	5	testcity04.jpg
11	1	16	743.7	339	426	44	5	testcity04.jpg
11	1	17	556.9	373.2	264	36	5	testcity04.jpg
11	1	18	458.3	459.3	178	29	5	testcity04.jpg
11	1	19	144.6	502.3	292	15	5	testcity04.jpg
11	1	20	657.7	687.3	309	46	5	testcity04.jpg
11	1	21	707.2	617	133	48	5	testcity04.jpg
11	1	22	645	437.3	214	45	5	testcity04.jpg
11	1	23	576.9	449.4	540	37	5	testcity04.jpg
11	1	24	195.1	448.2	415	13	5	testcity04.jpg
14	1	1	499.3	386.9	429	29	1	testcity01.jpg
14	1	2	431.8	357.7	222	28	1	testcity01.jpg
14	1	3	431.9	524.2	373	31	1	testcity01.jpg
14	1	4	407.3	496.7	812	31	1	testcity01.jpg
14	1	5	198	643	1560	16	1	testcity01.jpg
14	1	6	374.6	502.4	625	23	1	testcity01.jpg
14	1	7	417.2	492.7	786	31	1	testcity01.jpg
14	1	8	437.5	390.9	429	29	1	testcity01.jpg
14	1	9	271.6	470.2	181	21	1	testcity01.jpg
14	1	10	465.4	188.5	305	26	1	testcity01.jpg
14	1	11	793.2	162.1	848	50	1	testcity01.jpg
14	1	12	253.9	597.6	150	16	1	testcity01.jpg
14	1	13	170.2	625.5	801	16	1	testcity01.jpg
14	1	14	340.7	597.9	218	24	1	testcity01.jpg
14	1	15	484.9	436.8	163	29	1	testcity01.jpg
14	1	16	543.3	290.1	374	36	1	testcity01.jpg
14	1	17	464.2	384.3	491	29	1	testcity01.jpg
14	1	18	245.6	331.3	274	12	1	testcity01.jpg
15	1	1	503.2	382.6	1418	28	2	testcity03.jpg
15	1	2	483.2	361	158	28	2	testcity03.jpg
15	1	3	564	377.8	419	36	2	testcity03.jpg
15	1	4	477.4	398.8	36	29	2	testcity03.jpg
15	1	5	458.8	456.5	693	29	2	testcity03.jpg
15	1	6	499.2	450.9	31	29	2	testcity03.jpg
15	1	7	497.5	469	570	29	2	testcity03.jpg
15	1	8	523.4	407.5	266	37	2	testcity03.jpg
15	1	9	275.9	412.1	909	21	2	testcity03.jpg
15	1	10	468.3	378.7	327	28	2	testcity03.jpg
15	1	11	585.5	323.3	304	36	2	testcity03.jpg
15	1	12	644.8	296	541	44	2	testcity03.jpg
15	1	13	297.7	302	450	20	2	testcity03.jpg
15	1	14	303.2	485.6	1312	23	2	testcity03.jpg
15	1	15	318.7	527.4	153	23	2	testcity03.jpg
15	1	16	549.5	509.7	204	39	2	testcity03.jpg
15	1	17	672.1	295.4	190	44	2	testcity03.jpg
15	1	18	381.5	254.3	918	19	2	testcity03.jpg
28	2	1	510	388.7	217	29	4	testcity02.jpg
28	2	2	532.1	494.1	156	39	4	testcity02.jpg
28	2	3	412.2	585.3	203	32	4	testcity02.jpg
28	2	4	358.3	493.1	425	23	4	testcity02.jpg
28	2	5	373.9	483.9	172	23	4	testcity02.jpg
28	2	6	470	327	264	28	4	testcity02.jpg
28	2	7	535.3	304.2	122	36	4	testcity02.jpg
28	2	8	576.2	627.7	515	40	4	testcity02.jpg
28	2	9	386.7	476.6	606	29	4	testcity02.jpg
28	2	10	232	464.4	319	13	4	testcity02.jpg
28	2	11	323.6	568.4	323	23	4	testcity02.jpg
28	2	12	394.4	362.5	260	28	4	testcity02.jpg
28	2	13	478.4	311.2	404	28	4	testcity02.jpg
28	2	14	548.2	345.7	423	36	4	testcity02.jpg
28	2	15	669.9	652.5	329	48	4	testcity02.jpg
28	2	16	420	547.1	847	31	4	testcity02.jpg
28	2	17	408.2	377.1	1144	28	4	testcity02.jpg
28	2	18	413.1	453.3	630	29	4	testcity02.jpg
28	2	19	396.3	418.9	1001	29	4	testcity02.jpg
28	2	20	450.5	397.7	660	29	4	testcity02.jpg
30	2	1	524.3	390.2	331	37	5	testcity04.jpg
30	2	2	534.2	425.4	234	37	5	testcity04.jpg
30	2	3	558.4	375.4	969	36	5	testcity04.jpg
30	2	4	550.2	404.1	1026	37	5	testcity04.jpg
30	2	5	488.3	392.1	233	29	5	testcity04.jpg
30	2	6	401.2	380.7	311	28	5	testcity04.jpg
30	2	7	426.1	411.4	259	29	5	testcity04.jpg
30	2	8	210.8	458.4	432	13	5	testcity04.jpg
30	2	9	491.2	424.4	420	29	5	testcity04.jpg
30	2	10	567	413.6	734	37	5	testcity04.jpg
30	2	11	556.1	409.5	1861	37	5	testcity04.jpg
30	2	12	496.9	385.5	472	29	5	testcity04.jpg
30	2	13	512	414.7	1736	37	5	testcity04.jpg
32	2	1	522	384.9	207	37	3	testcity05.jpg
32	2	2	495.2	467.8	126	29	3	testcity05.jpg
32	2	3	367.6	573.9	211	23	3	testcity05.jpg
32	2	4	284.3	615.6	221	24	3	testcity05.jpg
32	2	5	440.9	550	203	31	3	testcity05.jpg
32	2	6	509.5	446.6	314	29	3	testcity05.jpg
32	2	7	443.9	667.2	306	32	3	testcity05.jpg
32	2	8	242.6	628.6	984	16	3	testcity05.jpg
32	2	9	436.4	508	327	31	3	testcity05.jpg
32	2	10	525.7	466.6	198	37	3	testcity05.jpg
32	2	11	547.4	399.7	600	37	3	testcity05.jpg
32	2	12	516	571.1	240	39	3	testcity05.jpg
32	2	13	236.4	619.8	380	16	3	testcity05.jpg
32	2	14	240.7	584.5	232	16	3	testcity05.jpg
32	2	15	401	564.5	424	31	3	testcity05.jpg
32	2	16	382.7	597.9	221	24	3	testcity05.jpg
32	2	17	245.6	610.1	312	16	3	testcity05.jpg
32	2	18	422	579.6	258	32	3	testcity05.jpg
32	2	19	527.5	628.4	261	40	3	testcity05.jpg
32	2	20	639.9	631.8	22	40	3	testcity05.jpg
32	2	21	537.5	578.1	437	40	3	testcity05.jpg
32	2	22	710.7	721.2	1440	46	3	testcity05.jpg
32	2	23	509.2	630.7	126	32	3	testcity05.jpg
32	2	24	365.4	629.5	190	24	3	testcity05.jpg
33	2	1	523.7	378.4	327	36	2	testcity03.jpg
33	2	2	499.4	470.4	3178	29	2	testcity03.jpg
33	2	3	485.9	459	2137	29	2	testcity03.jpg
33	2	4	498.9	432.3	354	29	2	testcity03.jpg
33	2	5	521.8	477.1	567	37	2	testcity03.jpg
33	2	6	507.2	519.4	212	31	2	testcity03.jpg
33	2	7	337.3	471.1	1508	21	2	testcity03.jpg
33	2	8	489.4	433.5	1238	29	2	testcity03.jpg
40	2	1	497.8	380.6	306	28	1	testcity01.jpg
40	2	2	463.4	434.4	311	29	1	testcity01.jpg
40	2	3	399.9	441.3	178	29	1	testcity01.jpg
40	2	4	411.1	480.6	220	31	1	testcity01.jpg
40	2	5	485.6	357.6	269	28	1	testcity01.jpg
40	2	6	479.4	283.9	421	27	1	testcity01.jpg
40	2	7	275.2	607.9	852	24	1	testcity01.jpg
40	2	8	475.3	494.6	345	31	1	testcity01.jpg
40	2	9	410.5	481.2	759	31	1	testcity01.jpg
40	2	10	449.7	404.7	909	29	1	testcity01.jpg
40	2	11	421.6	441.9	1848	29	1	testcity01.jpg
40	2	12	463.5	359.1	474	28	1	testcity01.jpg
40	2	13	396.9	276.6	417	27	1	testcity01.jpg
40	2	14	203.7	619.6	649	16	1	testcity01.jpg
40	2	15	282.8	676.4	373	22	1	testcity01.jpg
40	2	16	385.8	488.4	337	31	1	testcity01.jpg
40	2	17	444.7	483.5	83	31	1	testcity01.jpg
40	2	18	461.7	477	409	29	1	testcity01.jpg
44	2	1	496.9	376	218	28	6	testcity06.jpg
44	2	2	522.8	398.2	169	37	6	testcity06.jpg
44	2	3	314.7	393.3	326	21	6	testcity06.jpg
44	2	4	423.3	408.3	166	29	6	testcity06.jpg
44	2	5	546.8	308.7	269	36	6	testcity06.jpg
44	2	6	576.2	283.4	380	35	6	testcity06.jpg
44	2	7	898.2	345	322	60	6	testcity06.jpg
44	2	8	925.8	362.1	253	60	6	testcity06.jpg
44	2	9	459.2	402.8	161	29	6	testcity06.jpg
44	2	10	287.1	436.9	427	21	6	testcity06.jpg
44	2	11	410.4	357.4	287	28	6	testcity06.jpg
44	2	12	491	310.2	266	28	6	testcity06.jpg
44	2	13	511.6	274.8	305	27	6	testcity06.jpg
44	2	14	538.9	333.8	521	36	6	testcity06.jpg
44	2	15	502.9	368.5	344	28	6	testcity06.jpg
44	2	16	301.9	338.8	487	20	6	testcity06.jpg
44	2	17	423.8	352.5	387	28	6	testcity06.jpg
44	2	18	463.8	393.2	280	29	6	testcity06.jpg
44	2	19	494.5	444	243	29	6	testcity06.jpg
44	2	20	497.2	602.7	293	32	6	testcity06.jpg
44	2	21	849.4	578.4	182	56	6	testcity06.jpg
44	2	22	905	365.3	390	60	6	testcity06.jpg
44	2	23	925.1	328.2	275	60	6	testcity06.jpg
44	2	24	614.7	277.6	690	35	6	testcity06.jpg
44	2	25	451.2	270.3	608	27	6	testcity06.jpg
44	2	26	214.1	252.1	509	11	6	testcity06.jpg
44	2	27	358.3	343.4	57	20	6	testcity06.jpg
